Epoch,Time,Epoch Loss,Accuracy,Sample Name
0,10.969563,11831.9410206739,0.0954356846473029,.in
1,23.183578,10481.952239183724,0.0968188105117565,Gleee
2,35.297286,10290.596943878993,0.1023513139695712,Chaana
3,47.428329,10274.2123361467,0.0912863070539419,Bepbhoe
4,58.657029,10256.529891338278,0.0871369294605809,Jamnybgnan
5,69.906182,10444.52264572893,0.1023513139695712,Prialntam
6,81.130874,10144.86170154468,0.1217150760719225,Hols
7,92.197388,9658.768346028364,0.1424619640387275,Scnonen
8,103.395625,9758.155592115185,0.1313969571230982,Hhisan
9,114.822175,9751.835411718148,0.1286307053941908,FeztshoKlics
10,126.02667,9622.300294325576,0.1535269709543568,Spdverm
11,137.192808,9292.354115378848,0.1383125864453665,Hertes
12,148.371427,9466.715827375816,0.1438450899031811,Phzkaucsentz
13,159.283154,9101.061640995822,0.1825726141078838,Miupo
14,170.42043700000002,9200.216710457324,0.1756569847856154,Toncon
15,181.479512,9273.025215540883,0.1659751037344398,Hagik
16,192.709338,9186.43042178389,0.1728907330567081,Atsent
17,203.879485,9350.3004599925,0.1742738589211618,Nivick
18,215.055933,9078.511278123297,0.1811894882434301,tousg
19,226.259705,9166.19708463358,0.1673582295988935,Namonton
20,237.40003,9072.085554873624,0.1756569847856154,Ollew
21,248.62921,9003.460658305652,0.1701244813278008,Tllinker
22,259.856082,9073.18219176761,0.1742738589211618,Preezo
23,270.996057,8939.940800613555,0.1701244813278008,PenringoYk
24,282.087902,8967.997596387717,0.1908713692946058,Tarnson
25,293.236977,8906.184823091098,0.1715076071922545,Wawwenddsol
26,304.191411,8734.493532373337,0.1770401106500691,Slarar
27,315.59944900000005,8918.644922453319,0.1908713692946058,Ney
28,327.313771,8790.988454657067,0.1964038727524204,Yoscuima
29,339.205393,8804.980556420101,0.1784232365145228,Smasy
30,352.314095,8732.057740365333,0.1839557399723375,Capner
31,366.632751,8798.51988873027,0.1950207468879668,Tlarndes
32,378.334092,8709.862367646143,0.2047026279391424,Fyanins
33,389.440868,8798.313067325043,0.2074688796680498,Wampro
34,400.486336,8754.585341788208,0.1742738589211618,ToJis
35,411.546903,8811.802909514901,0.1867219917012448,Bahmy
36,422.677706,8785.381622777859,0.1867219917012448,Wonmagk
37,433.971169,8743.254876389517,0.1881051175656984,Jillia
38,445.149512,8769.82569795614,0.1839557399723375,Jeopas
39,456.204785,8581.559359709681,0.1950207468879668,McCanley
40,467.444176,8607.723850701137,0.2157676348547718,Lickguil
41,478.650786,8493.864806049074,0.1977869986168741,Cillisk
42,489.669542,8470.704711509832,0.1908713692946058,Ronebh
43,500.864271,8517.380200281232,0.2005532503457814,Andier
44,511.865979,8471.361900080192,0.206085753803596,Peso
45,522.941413,8708.699081091894,0.1811894882434301,Harlan
46,534.3132410000001,8668.688506129478,0.2074688796680498,Sarger
47,545.597429,8591.525184528065,0.2005532503457814,Rick
48,556.82596,8571.730709098883,0.1881051175656984,Sarxinele
49,567.996005,8669.94718601209,0.1922544951590594,Sellle
50,578.9855230000001,8599.236498881908,0.1715076071922545,Foun
51,590.338529,8585.383690448383,0.1991701244813278,Fabiilat
52,601.523617,8534.482116188325,0.2047026279391424,Tich
53,612.680379,8549.197645776758,0.1977869986168741,Kertig
54,624.2241690000001,8702.258427544677,0.1964038727524204,Bisfmand
55,635.175757,8371.02377694243,0.1839557399723375,Pomeris
56,646.3470179999999,8543.741018797846,0.2019363762102351,Kearson
57,657.368953,8398.358691995756,0.1936376210235131,Cenwertew
58,668.611029,8319.570621739485,0.2143845089903181,Williss
59,680.1002530000001,8354.966029378158,0.1839557399723375,Henega
60,690.9478849999999,8165.980946536233,0.1991701244813278,Shleies
61,701.9881889999999,8442.718565842251,0.2309820193637621,Ylatt
62,713.164222,8410.003514570828,0.2199170124481328,HaGkerismand
63,724.486902,8534.659462511107,0.2116182572614108,Allori
64,735.489944,8433.62564508807,0.1853388658367912,Bohez
65,746.691655,8470.165604039114,0.2047026279391424,Fedra
66,757.843588,8326.206958574245,0.2268326417704011,Colme
67,769.561075,8182.298121873332,0.2157676348547718,Ke
68,781.5729809999999,8508.061777624649,0.2005532503457814,Fapanon
69,793.313772,8460.444247670614,0.1950207468879668,Anning
70,804.8041929999999,8501.280517995845,0.22268326417704,Broms
71,815.83075,8172.093816407027,0.2240663900414937,.arlas
72,827.35708,8379.064125974732,0.2309820193637621,Croven
73,838.361448,8377.100716444591,0.2130013831258644,Curk
74,849.3620970000001,8260.57662342907,0.1894882434301521,Josmalls
75,860.4118279999999,8442.093518602414,0.2448132780082987,Wiity
76,871.4521779999999,8384.092032014927,0.2434301521438451,Thonn
77,882.535482,8528.918815562305,0.1991701244813278,Voncimer
78,893.697737,8429.978785558342,0.1991701244813278,Beuchmon
79,905.120936,8189.28297483578,0.2282157676348548,Rolds
80,916.712799,8395.527342704248,0.2254495159059474,Ulleee
0,931.274826,8136.282505828308,0.2060857538035961,Sirbgerfoy
1,947.633575,8218.062087265973,0.1964038727524204,Mittss
2,963.102634,8097.635968067595,0.2199170124481327,Phablil
3,978.202623,8061.640527414872,0.2226832641770401,Joinstlaw
4,993.447567,7976.113364259602,0.2268326417704011,Thearl
5,1008.569407,8039.047493592853,0.2143845089903181,Consockiwfsoo
6,1023.555081,7967.348618621754,0.2116182572614107,Uasint
7,1038.879992,8243.810747937798,0.2240663900414937,Ovant
8,1053.746665,8164.861622489746,0.2157676348547718,McGulz
9,1069.458326,8044.675370010435,0.2047026279391424,Schandy
10,1084.451971,8308.311050347387,0.2185338865836791,Pailler
11,1099.458421,7827.795655951261,0.2171507607192254,Pacblan
12,1114.609384,8123.42837480951,0.2060857538035961,Heeldye
13,1129.883148,8145.086582894121,0.2378976486860304,Mounnaddl
14,1145.551486,7929.643153297174,0.2074688796680498,Vergerson
15,1161.698758,7835.939170454526,0.2282157676348547,Stutsen
16,1177.405119,7901.101866260291,0.2005532503457814,Paxirolicer
17,1193.42049,8010.710490959217,0.2060857538035961,Comeriugry
18,1208.502676,7976.290819526026,0.2213001383125864,Tellry
19,1223.985304,8161.962089054833,0.2199170124481327,Loong
20,1239.075401,8006.271350582639,0.2088520055325034,Mallishar
21,1254.165475,7930.157815944451,0.2268326417704011,Smattca
22,1269.50377,8181.485156058972,0.2282157676348547,Gorazey
23,1284.871176,8123.753173647295,0.2143845089903181,Dandynera
24,1299.809419,7933.739127274372,0.2171507607192254,Wilko
25,1314.51988,7849.418635695493,0.2157676348547718,Javis
26,1329.741483,8005.487897898955,0.2019363762102351,Schtarsein
27,1345.007174,7938.201059813042,0.2157676348547718,Saneste
28,1360.195845,7912.663093865928,0.2351313969571231,Habingon
29,1375.402348,7891.519751747802,0.2268326417704011,Griette
30,1390.385332,7817.636810845105,0.2074688796680498,Odney
31,1405.509401,8008.248414573003,0.2074688796680498,Thumpst
32,1420.822516,8094.612602799334,0.2365145228215767,Wickson
33,1436.150618,8070.587117769726,0.2365145228215767,Derry
34,1451.322846,7891.922740210162,0.2448132780082987,Perrihon
35,1466.802656,8239.892853084702,0.2199170124481327,Brophy
36,1482.375799,8193.907816486511,0.1936376210235131,Kew
37,1497.541321,7976.274155931609,0.2406639004149377,Wondomand
38,1512.618081,7908.321377577854,0.1894882434301521,Agoms
39,1527.734508,7999.574238148471,0.2047026279391424,Grickiz
40,1543.142602,7784.61903832786,0.2378976486860304,Selanty
0,2104.039063,373331.13857042894,0.2235454968582732,Stingrinockes
1,2662.775256,369909.3736769036,0.2263206888526879,Giarfigow
2,3232.562161,367335.2232360205,0.2291133348848033,Gutzifo
3,3821.289921,365312.1004092273,0.2341342797300442,Esteckton
4,4402.201444,363551.6089344587,0.2365080288573423,Brown
5,4974.3153,362570.72280645167,0.2403886432394694,Krydey
6,5662.625331,361588.7192174725,0.2389457761228764,Harney
7,6252.035478,360508.5823273129,0.2418664184314638,Loonson
8,7080.69634,359504.6797692988,0.2404991854782406,Nealo
9,8213.7247,358635.7256414326,0.2423085873865487,White
0,8780.749233,350048.9286265502,0.2568827088666511,Gray
1,9306.180877,349061.0191468364,0.2530893646730277,Zegrey
2,9844.305727,348629.671737326,0.2539097044449616,Framo
3,10376.648204,348365.13667815155,0.2547940423551315,Blull
4,10910.3701,348309.7120142102,0.2577845008145217,Pewrers
5,11497.470144,348022.8706251555,0.2566965324645101,Slackan
0,12006.922635,344696.6884887992,0.2580928554805678,Deean
1,12502.019688,344378.8351596213,0.2596404468233651,Strickson
2,12990.478744,344185.63834364817,0.26341051896672096,Kilacems
3,13678.04436,344193.2937735345,0.26363160344426345,Vicklan
4,14385.237682,344108.74074500805,0.26118222015359555,Bergon
5,15073.095941,344066.32248626696,0.2589131952525017,Róbars
6,15673.277915,343816.5434657111,0.2626309052827554,Berengide
7,16165.517215,343728.9530519351,0.2642483127763556,Berwan
8,16654.053381,343573.32095193624,0.26426576681405634,Jantos
9,17144.70903,343528.25471934304,0.26200255992552945,Oles
10,17636.038568,343332.55794563633,0.26700023272050266,Berensciro
11,18128.467584,343468.8140326682,0.26322434256457994,Crimf
12,18625.591818,343183.435686198,0.26194437979986035,Rodrínchd
13,19141.001744,343048.7748913775,0.2623807307423784,Smith
14,19637.429952,343065.4915115723,0.26529555503839886,Grung
15,20132.584249,343060.08306745806,0.2647486618571096,Reiln
16,20628.207591,342910.581473159,0.2636432394693973,Hodier
17,21173.247687,342757.5626764063,0.2655515475913428,Elcan
18,21690.745875,342746.6880773751,0.26677914824296023,Naffellins
19,22187.399655,342634.31053985294,0.2632476146148476,Rose
20,22679.205246,342525.48775352776,0.2611647661158948,Gaine
21,23173.97899,342453.9871907148,0.26366651151966486,Dayawe
22,23670.450227,342279.1551336752,0.26355015126832676,Mot u
23,24161.323841,342424.9936073631,0.26585990225738887,Cavuington
24,24654.837178,342307.9568116083,0.2643355829648592,Alichi
25,25151.582453,342194.0294152244,0.2654875494531068,Hujley
26,25654.336162,342189.3411139128,0.25787758901559227,Hambon
27,26147.241088,342151.8984455599,0.2635792413311613,Jennon
28,26641.447689,342288.5503917378,0.26267163137072375,Milleney
29,27135.911922,342120.51653114386,0.2665289737025832,White
30,27629.882589,342112.7261936347,0.2688096346288108,Redwen
31,28123.302564,342187.7984813759,0.2646206655806377,Dymen
32,28619.165054,342075.4146597182,0.2638177798464045,Krayock
33,29113.615638,342041.4366996095,0.26804165696997906,Cabnay
34,29605.394076,341984.4200425734,0.26289271584826623,Tarbeskettt
35,30098.884026,342122.74109477503,0.26827437747265537,Kidrew
36,30592.169049,341875.9419153227,0.2647195717942751,Burns
37,31085.460532,341940.2525220353,0.26077495927391203,Mesh
38,31578.248751,341999.7122023556,0.26516755876192694,Bowenson
39,32079.887063,341701.16838859126,0.26592390039562486,Steve tins
40,32572.570625,341860.74810029875,0.26398068419827786,Kelors
41,33062.804935,341729.25771796785,0.2652373749127298,Fish
42,33553.300172,341756.21325793996,0.26364905748196416,Coxa
43,34044.90459,341852.2575876898,0.2683151035606237,Smorez
44,34536.652306,341850.2516547561,0.2642715848266232,Colling
45,35026.638673,341734.9257020962,0.26444030719106354,Pellar
46,35515.557524,341682.91847300815,0.26626134512450544,Wakes
47,36007.911968,341838.01207165915,0.26680823830579475,Wieger
48,36498.90288,341874.7867951716,0.26387014195950664,Gilming
49,36988.179924,341706.6693572028,0.26544100535257154,Rodbandsan
